1
9994
-272 -390 848 933 517 707 650 -559 -639 -701 104 438 383 -402 512 
917 -762 -836 795 -27 -674 -342 -686 296 615 202 751 526 -460 536
 686 663 140 -501 15 -588 -260 -420 -743 -700 -625 -657 -795 603 
 971 -276 972 153 574 -22 -650 892 416 -249 636 911 956 642 957 -334
  430 -472 -409 711 246 -599 838 577 -899 -288 379 -607 131 598 741 
  -671 -895 419 -674 579 662 -150 -252 -286 -45 877 -645 -3 723 -952 
  897 658 -612 -78 957 645 -713 -790 -806 284 690 87 198 -862 794 800 
  392 671 338 220 618 67 -590 133 794 999 -345 -758 868 259 -637 -426 
  -272 535 525 50 232 605 937 977 214 -424 -866 -427 -615 76 637 -873 -509 
  -142 968 844 11 -89 -6 -842 169 338 17 -242 570 989 -847 -812 795 910 13 
  -257 -53 504 -947 321 -522 -339 625 -933 651 65 -345 754 740 255 -347 351 
  -43 -174 814 900 -255 -473 85 -477 -682 -505 32 621 888 394 560 -466 756 
  -140 94 -410 748 -527 376 -490 -575 911 839 -625 414 495 -256 942 -437 339 
  -152 -479 76 -482 -556 797 -603 -727 -426 393 90 89 -205 182 355 107 -234 -88 
  -425 -685 7...